5.594180226325988770e-01
1.287048608064651489e-01
1.045434474945068359e-01
7.766403257846832275e-02
5.737287178635597229e-02
4.841982200741767883e-02
4.305920377373695374e-02
3.967863693833351135e-02
3.733158111572265625e-02
3.554757684469223022e-02
3.424594551324844360e-02
3.324365988373756409e-02
3.242748975753784180e-02
3.194769471883773804e-02
3.106226772069931030e-02
3.036376275122165680e-02
3.010175563395023346e-02
2.981804683804512024e-02
2.888542413711547852e-02
2.826120890676975250e-02
2.913829497992992401e-02
2.773076854646205902e-02
2.660747803747653961e-02
2.550510689616203308e-02
2.504880912601947784e-02
2.467135712504386902e-02
2.396244741976261139e-02
2.307388558983802795e-02
2.294436469674110413e-02
2.261936105787754059e-02
2.232751622796058655e-02
2.165150269865989685e-02
2.260099537670612335e-02
2.139630727469921112e-02
2.084338292479515076e-02
2.054222114384174347e-02
2.080621756613254547e-02
2.049149386584758759e-02
2.011501230299472809e-02
1.951353996992111206e-02
2.004965767264366150e-02
1.947742886841297150e-02
1.886279881000518799e-02
1.854345202445983887e-02
1.779048144817352295e-02
1.885319501161575317e-02
1.773951388895511627e-02
1.734134554862976074e-02
1.703506894409656525e-02
1.854361779987812042e-02
1.792383752763271332e-02
1.756560616195201874e-02
1.675931550562381744e-02
1.631627045571804047e-02
1.634914427995681763e-02
1.682655327022075653e-02
1.612076722085475922e-02
1.569760777056217194e-02
1.605507731437683105e-02
1.590038649737834930e-02
1.635467819869518280e-02
1.537161227315664291e-02
1.513851992785930634e-02
1.647593267261981964e-02
1.535389292985200882e-02
1.518189068883657455e-02
1.501252967864274979e-02
1.464570686221122742e-02
1.642247848212718964e-02
1.499300729483366013e-02
1.439469866454601288e-02
1.474980730563402176e-02
1.433927100151777267e-02
1.417463552206754684e-02
1.502415258437395096e-02
1.419591624289751053e-02
1.409634388983249664e-02
1.527035422623157501e-02
1.413136348128318787e-02
1.360124256461858749e-02
1.363087166100740433e-02
1.408658642321825027e-02
1.427590195089578629e-02
1.362186018377542496e-02
1.344908494502305984e-02
1.376547664403915405e-02
1.412152871489524841e-02
1.364080887287855148e-02
1.319823507219552994e-02
1.423767674714326859e-02
1.382593344897031784e-02
1.318183075636625290e-02
1.296961586922407150e-02
1.288488600403070450e-02
1.367312856018543243e-02
1.343514584004878998e-02
1.306064054369926453e-02
1.261848397552967072e-02
1.283712964504957199e-02
1.254759915173053741e-02
1.498590409755706787e-02
1.370884850621223450e-02
1.305191870778799057e-02
1.306800916790962219e-02
1.240428071469068527e-02
1.201481930911540985e-02
1.290964055806398392e-02
1.220095064491033554e-02
1.223242375999689102e-02
1.256560999900102615e-02
1.213677879422903061e-02
1.178454235196113586e-02
1.415092498064041138e-02
1.373724825680255890e-02
1.291204337030649185e-02
1.185387000441551208e-02
1.161152031272649765e-02
1.156544685363769531e-02
1.175238844007253647e-02
1.189190708100795746e-02
1.167926844209432602e-02
1.148388069123029709e-02
1.199321914464235306e-02
1.176915224641561508e-02
1.172125060111284256e-02
1.157998666167259216e-02
1.129480730742216110e-02
1.186513248831033707e-02
1.306535024195909500e-02
1.173607259988784790e-02
1.129852421581745148e-02
1.112612057477235794e-02
1.101143751293420792e-02
1.098840311169624329e-02
1.162712089717388153e-02
1.112830266356468201e-02
1.104258932173252106e-02
1.117440965026617050e-02
1.314052008092403412e-02
1.146828290075063705e-02
1.095511857420206070e-02
1.075499597936868668e-02
1.076139602810144424e-02
1.083113905042409897e-02
1.111133862286806107e-02
1.070366427302360535e-02
1.074914541095495224e-02
1.075526326894760132e-02
1.108501013368368149e-02
1.089413370937108994e-02
1.087950728833675385e-02
1.063595805317163467e-02
1.121427770704030991e-02
1.077095232903957367e-02
1.077445037662982941e-02
1.054237503558397293e-02
1.055059954524040222e-02
1.147932093590497971e-02
1.059633214026689529e-02
1.039445307105779648e-02
1.032604742795228958e-02
1.042983215302228928e-02
1.054092682898044586e-02
1.074834167957305908e-02
1.067144144326448441e-02
1.052862871438264847e-02
1.015920098870992661e-02
1.114305108785629272e-02
1.037809252738952637e-02
1.048248726874589920e-02
1.019543875008821487e-02
1.001100894063711166e-02
1.125659048557281494e-02
1.024705078452825546e-02
9.880773723125457764e-03
9.922051802277565002e-03
1.105603482574224472e-02
1.064922101795673370e-02
1.007102150470018387e-02
9.985104203224182129e-03
1.009001769125461578e-02
9.970674291253089905e-03
9.873071685433387756e-03
1.010866370052099228e-02
1.034401915967464447e-02
1.025321800261735916e-02
1.022594422101974487e-02
9.643743745982646942e-03
9.590682573616504669e-03
1.232211850583553314e-02
1.007394213229417801e-02
9.593849070370197296e-03
9.540910832583904266e-03
9.536280296742916107e-03
9.848512709140777588e-03
1.005781814455986023e-02
1.025371998548507690e-02
9.538152255117893219e-03
1.029863674193620682e-02
1.008682604879140854e-02
9.469052776694297791e-03
9.323962032794952393e-03
9.598381817340850830e-03
1.054900977760553360e-02
9.623213671147823334e-03
9.626647457480430603e-03
9.582495316863059998e-03
9.712425060570240021e-03
9.473525919020175934e-03
9.304192848503589630e-03
1.145257055759429932e-02
9.956018999218940735e-03
9.285032749176025391e-03
9.273882955312728882e-03
9.185667149722576141e-03
9.164543822407722473e-03
1.046171784400939941e-02
9.949213825166225433e-03
9.429004043340682983e-03
9.217144921422004700e-03
9.321415796875953674e-03
9.259139187633991241e-03
9.107388556003570557e-03
9.151738137006759644e-03
1.100776717066764832e-02
9.796549566090106964e-03
9.142636321485042572e-03
9.129180572926998138e-03
9.057761169970035553e-03
9.722986258566379547e-03
9.463501162827014923e-03
9.109082631766796112e-03
9.183080866932868958e-03
9.127916768193244934e-03
9.073230437934398651e-03
1.014200784265995026e-02
9.564762003719806671e-03
8.930156007409095764e-03
9.042464196681976318e-03
9.110746905207633972e-03
9.401419200003147125e-03
9.169966913759708405e-03
8.968046866357326508e-03
9.283007122576236725e-03
9.637083858251571655e-03
9.220522828400135040e-03
9.180848486721515656e-03
9.571066126227378845e-03
9.037483483552932739e-03
8.872280828654766083e-03
8.651535026729106903e-03
8.746503852307796478e-03
8.718227967619895935e-03
8.665984496474266052e-03
8.611516095697879791e-03
8.668486960232257843e-03
8.638773113489151001e-03
8.611209690570831299e-03
8.691491559147834778e-03
8.644045330584049225e-03
8.653956465423107147e-03
8.703945204615592957e-03
8.983127772808074951e-03
8.599755354225635529e-03
8.798388764262199402e-03
8.914963342249393463e-03
9.046250954270362854e-03
8.648213930428028107e-03
8.518957532942295074e-03
8.512220345437526703e-03
8.651528507471084595e-03
8.827622048556804657e-03
8.801188319921493530e-03
9.075601585209369659e-03
8.653343655169010162e-03
8.683399297297000885e-03
8.552934974431991577e-03
8.935555815696716309e-03
8.583256974816322327e-03
9.266255423426628113e-03
8.661135099828243256e-03
8.690032176673412323e-03
8.954249322414398193e-03
8.680051192641258240e-03
8.721571415662765503e-03
9.181684814393520355e-03
8.748040534555912018e-03
8.707964792847633362e-03
8.421486243605613708e-03
8.431181311607360840e-03
9.188744239509105682e-03
8.655181154608726501e-03
8.883625268936157227e-03
8.564925752580165863e-03
8.598035201430320740e-03
8.560107089579105377e-03
8.590571582317352295e-03
8.879285305738449097e-03
8.953996933996677399e-03
8.429020643234252930e-03
8.390985429286956787e-03
8.811060339212417603e-03
8.490516804158687592e-03
8.468523621559143066e-03
8.761296048760414124e-03
8.719943463802337646e-03
8.447545580565929413e-03
8.303700014948844910e-03
9.824970737099647522e-03
9.538637474179267883e-03
8.664173074066638947e-03
8.360208012163639069e-03
8.346724323928356171e-03
8.308224380016326904e-03
8.434195071458816528e-03
8.289507590234279633e-03
8.520168252289295197e-03
8.566420525312423706e-03
9.089799597859382629e-03
8.423881605267524719e-03
8.374202996492385864e-03
8.326441049575805664e-03
8.924326859414577484e-03
8.806925266981124878e-03
8.320550434291362762e-03
8.210325613617897034e-03
9.714017622172832489e-03
9.950295090675354004e-03
8.669324219226837158e-03
8.239508606493473053e-03
8.108441717922687531e-03
8.087372407317161560e-03
8.175900205969810486e-03
8.375431410968303680e-03
8.390611037611961365e-03
8.389255963265895844e-03
8.240745402872562408e-03
8.169124834239482880e-03
8.617497980594635010e-03
8.207349106669425964e-03
8.238201960921287537e-03
9.234330616891384125e-03
8.711653761565685272e-03
8.590949699282646179e-03
8.174157701432704926e-03
8.170190267264842987e-03
8.056396618485450745e-03
8.292331360280513763e-03
8.063305169343948364e-03
8.974724449217319489e-03
8.410128764808177948e-03
8.485144935548305511e-03
8.546907454729080200e-03
8.280236274003982544e-03
8.175428956747055054e-03
8.090677671134471893e-03
9.769530035555362701e-03
9.147560223937034607e-03
8.199568837881088257e-03
7.953804917633533478e-03
8.026506751775741577e-03
8.058256469666957855e-03
8.139261975884437561e-03
8.032375946640968323e-03
8.649397641420364380e-03
8.286918513476848602e-03
8.118637837469577789e-03
8.094616234302520752e-03
7.977593690156936646e-03
7.903171703219413757e-03
1.020146161317825317e-02
8.704881183803081512e-03
8.297050371766090393e-03
8.035461418330669403e-03
7.960625924170017242e-03
7.993759587407112122e-03
7.990613579750061035e-03
7.844603620469570160e-03
8.155130781233310699e-03
8.342518471181392670e-03
7.991570048034191132e-03
8.072435855865478516e-03
8.706183172762393951e-03
8.330338634550571442e-03
7.949015125632286072e-03
8.219626732170581818e-03
7.931438274681568146e-03
7.985540665686130524e-03
8.128399029374122620e-03
8.131831884384155273e-03
8.274227380752563477e-03
8.053102530539035797e-03
8.062450215220451355e-03
7.929724641144275665e-03
9.420152753591537476e-03
8.901670575141906738e-03
8.461627177894115448e-03
8.086412213742733002e-03
7.885106839239597321e-03
7.830231450498104095e-03
7.849859073758125305e-03
8.109385147690773010e-03
7.905190810561180115e-03
7.974954321980476379e-03
9.173791855573654175e-03
8.517602458596229553e-03
7.947138510644435883e-03
7.875254377722740173e-03
7.793924771249294281e-03
7.824021391570568085e-03
9.666010737419128418e-03
8.167187683284282684e-03
7.906072773039340973e-03
7.844563573598861694e-03
7.887488231062889099e-03
7.851922884583473206e-03
7.989226840436458588e-03
7.686746772378683090e-03
7.779936306178569794e-03
7.831490598618984222e-03
8.589698001742362976e-03
8.082644082605838776e-03
7.760133594274520874e-03
8.295148611068725586e-03
7.754424121230840683e-03
7.957166992127895355e-03
8.079865016043186188e-03
8.050669915974140167e-03
7.776733487844467163e-03
8.108919486403465271e-03
7.730805780738592148e-03
7.836185395717620850e-03
1.020502112805843353e-02
8.443182334303855896e-03
7.868981920182704926e-03
7.710936479270458221e-03
7.679211441427469254e-03
7.643655408173799515e-03
7.763093803077936172e-03
7.754456251859664917e-03
7.662975694984197617e-03
8.055613376200199127e-03
8.750823326408863068e-03
8.170231245458126068e-03
7.974566891789436340e-03
7.667759433388710022e-03
7.607362698763608932e-03
7.927129045128822327e-03
8.104829117655754089e-03
7.701904978603124619e-03
7.584749720990657806e-03
7.604186423122882843e-03
8.558119647204875946e-03
7.802847307175397873e-03
7.668360136449337006e-03
7.707592099905014038e-03
7.747200317680835724e-03
7.755862548947334290e-03
8.430083282291889191e-03
8.211948908865451813e-03
7.654426153749227524e-03
7.608971558511257172e-03
7.758324500173330307e-03
7.819753140211105347e-03
8.651364594697952271e-03
7.711648941040039062e-03
7.644365075975656509e-03
7.620681077241897583e-03
7.583278231322765350e-03
7.659183349460363388e-03
7.827209308743476868e-03
8.181514218449592590e-03
7.966250181198120117e-03
7.562639657407999039e-03
7.535156793892383575e-03
7.444607093930244446e-03
7.980817928910255432e-03
1.211878191679716110e-02
8.962994441390037537e-03
7.864019833505153656e-03
7.608707994222640991e-03
7.437534630298614502e-03
7.431678939610719681e-03
7.529443595558404922e-03
7.445995695888996124e-03
7.472971919924020767e-03
7.971452549099922180e-03
8.321863599121570587e-03
7.808383088558912277e-03
7.461015600711107254e-03
7.424881681799888611e-03
7.520014885812997818e-03
7.386528421193361282e-03
7.444758899509906769e-03
7.697933819144964218e-03
7.622101344168186188e-03
7.543630432337522507e-03
7.686589844524860382e-03
7.580357138067483902e-03
7.748027797788381577e-03
7.429786026477813721e-03
7.270448841154575348e-03
7.289780303835868835e-03
7.279896643012762070e-03
7.236827164888381958e-03
7.251663133502006531e-03
7.290814537554979324e-03
7.319722790271043777e-03
7.217448204755783081e-03
7.186317350715398788e-03
7.262781728059053421e-03
7.410407066345214844e-03
7.259220816195011139e-03
7.241967134177684784e-03
7.233936339616775513e-03
7.403987925499677658e-03
7.446514442563056946e-03
7.443368900567293167e-03
7.298513315618038177e-03
7.292686961591243744e-03
7.383972872048616409e-03
7.263116072863340378e-03
7.314092013984918594e-03
7.326985709369182587e-03
7.401394657790660858e-03
7.555493153631687164e-03
7.498585153371095657e-03
7.364247459918260574e-03
7.336108945310115814e-03
7.313139270991086960e-03
7.573786657303571701e-03
7.433132268488407135e-03
7.324915379285812378e-03
7.300006691366434097e-03
7.626629900187253952e-03
7.331666070967912674e-03
7.291631307452917099e-03
7.479834835976362228e-03
7.270876783877611160e-03
7.381632458418607712e-03
7.447906304150819778e-03
7.568344008177518845e-03
7.251425180584192276e-03
7.143422961235046387e-03
7.290824316442012787e-03
7.553101517260074615e-03
7.364067249000072479e-03
7.240626029670238495e-03
7.268688175827264786e-03
7.570158224552869797e-03
7.304496597498655319e-03
7.496925070881843567e-03
7.203397341072559357e-03
7.208971306681632996e-03
7.763558533042669296e-03
7.908314466476440430e-03
7.339548319578170776e-03
7.194632664322853088e-03
7.220140658318996429e-03
7.145299576222896576e-03
7.370852399617433548e-03
7.196978200227022171e-03
7.099587935954332352e-03
7.426804397255182266e-03
7.589232642203569412e-03
7.344818674027919769e-03
7.294103968888521194e-03
7.156520616263151169e-03
7.655603811144828796e-03
7.229378446936607361e-03
7.266897242516279221e-03
7.296740077435970306e-03
7.252668961882591248e-03
7.332833483815193176e-03
7.107505574822425842e-03
7.071396801620721817e-03
7.117291912436485291e-03
7.264291867613792419e-03
7.458380889147520065e-03
7.246585097163915634e-03
7.632603403180837631e-03
7.217689882963895798e-03
7.334410212934017181e-03
7.574163842946290970e-03
7.065549027174711227e-03
7.167685776948928833e-03
7.327815517783164978e-03
7.130028679966926575e-03
7.139347959309816360e-03
7.077919784933328629e-03
7.589927874505519867e-03
7.242498453706502914e-03
7.046615239232778549e-03
7.201144937425851822e-03
7.437607739120721817e-03
7.133698556572198868e-03
7.148008327931165695e-03
7.907682098448276520e-03
7.167641539126634598e-03
7.051656488329172134e-03
7.034106645733118057e-03
7.051663007587194443e-03
7.163596339523792267e-03
7.428091019392013550e-03
7.320806384086608887e-03
7.411142345517873764e-03
7.358686067163944244e-03
7.046561688184738159e-03
7.077747024595737457e-03
7.102311123162508011e-03
7.723141927272081375e-03
7.425818592309951782e-03
7.279596291482448578e-03
7.218661718070507050e-03
7.037601433694362640e-03
6.965012289583683014e-03
6.957972422242164612e-03
7.099462207406759262e-03
7.040570955723524094e-03
7.070834748446941376e-03
7.125025149434804916e-03
7.296422496438026428e-03
7.090238854289054871e-03
6.904018111526966095e-03
6.849030032753944397e-03
7.215184625238180161e-03
7.025699131190776825e-03
7.330403663218021393e-03
6.984120234847068787e-03
7.252719253301620483e-03
7.001444697380065918e-03
7.117367349565029144e-03
6.906732916831970215e-03
7.151686586439609528e-03
7.313857320696115494e-03
6.984604056924581528e-03
7.157290354371070862e-03
6.987852510064840317e-03
6.894986145198345184e-03
6.901860237121582031e-03
7.412250619381666183e-03
7.105286233127117157e-03
6.951994262635707855e-03
7.002094294875860214e-03
6.880376487970352173e-03
7.087342441082000732e-03
6.983359344303607941e-03
6.862441543489694595e-03
6.886882707476615906e-03
6.905781570822000504e-03
6.860693916678428650e-03
7.213886827230453491e-03
7.093658670783042908e-03
6.918669678270816803e-03
7.009354420006275177e-03
7.411222904920578003e-03
7.136833388358354568e-03
6.961402483284473419e-03
6.775875575840473175e-03
6.789378356188535690e-03
6.995872128754854202e-03
6.966180168092250824e-03
7.056660484522581100e-03
7.331353146582841873e-03
6.881995592266321182e-03
7.084381766617298126e-03
6.920345593243837357e-03
6.904456764459609985e-03
6.772023625671863556e-03
6.944682449102401733e-03
7.149457000195980072e-03
6.774053908884525299e-03
6.769266910851001740e-03
6.889075972139835358e-03
6.741845048964023590e-03
6.796749774366617203e-03
7.994364947080612183e-03
7.128303870558738708e-03
6.920339073985815048e-03
6.833388004451990128e-03
6.653964519500732422e-03
6.687207613140344620e-03
6.807809695601463318e-03
6.694161333143711090e-03
6.855284795165061951e-03
7.145311217755079269e-03
7.098398171365261078e-03
6.678357254713773727e-03
6.626816466450691223e-03
6.839722394943237305e-03
6.967850029468536377e-03
6.798198446631431580e-03
6.921646185219287872e-03
7.135025691241025925e-03
6.804677192121744156e-03
6.697617936879396439e-03
6.686965469270944595e-03
6.780588068068027496e-03
6.681337021291255951e-03
6.821575108915567398e-03
7.746203336864709854e-03
6.935757119208574295e-03
6.835553329437971115e-03
6.759855430573225021e-03
6.687782704830169678e-03
6.682807579636573792e-03
6.825285963714122772e-03
7.434784434735774994e-03
6.862432695925235748e-03
6.773321423679590225e-03
6.648046430200338364e-03
6.766914855688810349e-03
6.566353142261505127e-03
7.100636605173349380e-03
6.946766283363103867e-03
6.694927811622619629e-03
6.710286252200603485e-03
6.828069686889648438e-03
6.659676786512136459e-03
6.536709610372781754e-03
6.613849196583032608e-03
7.114375010132789612e-03
7.117913570255041122e-03
6.925639230757951736e-03
6.810719612985849380e-03
6.780094467103481293e-03
6.839639507234096527e-03
6.705521605908870697e-03
6.565898191183805466e-03
6.766103208065032959e-03
6.689316127449274063e-03
6.665851455181837082e-03
6.689409725368022919e-03
7.332914974540472031e-03
6.680347956717014313e-03
6.625988986343145370e-03
6.685833912342786789e-03
6.570762023329734802e-03
6.698637735098600388e-03
6.659050006419420242e-03
6.769102066755294800e-03
6.796682719141244888e-03
7.038427516818046570e-03
6.776568479835987091e-03
6.612569559365510941e-03
6.465526297688484192e-03
6.528787314891815186e-03
6.515647750347852707e-03
6.553076207637786865e-03
6.514554377645254135e-03
6.420488934963941574e-03
6.345296744257211685e-03
6.385568995028734207e-03
6.367880851030349731e-03
6.376719102263450623e-03
6.467318627983331680e-03
6.416982505470514297e-03
6.396953482180833817e-03
6.406595930457115173e-03
6.558898370712995529e-03
6.498019676655530930e-03
6.459997966885566711e-03
6.563783623278141022e-03
6.363264750689268112e-03
6.380709819495677948e-03
6.512503139674663544e-03
6.455393973737955093e-03
6.394361611455678940e-03
6.553019396960735321e-03
6.555543281137943268e-03
6.440454162657260895e-03
6.451527122408151627e-03
6.372331175953149796e-03
6.525010336190462112e-03
6.403617560863494873e-03
6.415074691176414490e-03
6.361083593219518661e-03
6.417602766305208206e-03
6.530720274895429611e-03
6.480354350060224533e-03
6.408612709492444992e-03
6.482700817286968231e-03
6.471038330346345901e-03
6.390057969838380814e-03
6.548963952809572220e-03
6.325840950012207031e-03
6.562943104654550552e-03
6.672468036413192749e-03
6.381303071975708008e-03
6.439445540308952332e-03
6.640010979026556015e-03
6.475083064287900925e-03
6.305792368948459625e-03
6.415094248950481415e-03
6.512342486530542374e-03
6.388107780367136002e-03
6.401636637747287750e-03
6.574613042175769806e-03
6.612595636397600174e-03
6.476448383182287216e-03
6.415129173547029495e-03
6.414202973246574402e-03
6.557066459208726883e-03
6.435417570173740387e-03
6.585084833204746246e-03
6.389808375388383865e-03
6.659145001322031021e-03
6.391194649040699005e-03
6.377449259161949158e-03
6.418789736926555634e-03
6.428474560379981995e-03
6.448191590607166290e-03
6.436630617827177048e-03
6.573842372745275497e-03
6.451278459280729294e-03
6.426780950278043747e-03
6.361070089042186737e-03
6.329303141683340073e-03
6.360535044223070145e-03
6.567578762769699097e-03
6.403247360140085220e-03
6.216363050043582916e-03
6.272384431213140488e-03
6.552373990416526794e-03
6.688583176583051682e-03
6.388364359736442566e-03
6.346445530652999878e-03
6.299877073615789413e-03
6.559107918292284012e-03
6.481077056378126144e-03
6.297389976680278778e-03
6.243511103093624115e-03
6.264255847781896591e-03
6.255220621824264526e-03
6.552969571202993393e-03
6.688142195343971252e-03
6.437646225094795227e-03
6.389409769326448441e-03
6.596577819436788559e-03
6.402356084436178207e-03
6.303372327238321304e-03
6.275644060224294662e-03
6.326132919639348984e-03
6.304156035184860229e-03
6.357769947499036789e-03
6.234668660908937454e-03
6.582000758498907089e-03
6.390786264091730118e-03
6.334189791232347488e-03
6.254333537071943283e-03
6.388136185705661774e-03
6.437932141125202179e-03
6.277019158005714417e-03
6.306147668510675430e-03
6.253933534026145935e-03
6.280252244323492050e-03
6.394361611455678940e-03
6.331655196845531464e-03
6.568841170519590378e-03
6.770309526473283768e-03
6.607963237911462784e-03
6.325684487819671631e-03
6.232552696019411087e-03
6.214030086994171143e-03
6.304088514298200607e-03
6.442404817789793015e-03
6.261169910430908203e-03
6.135481875389814377e-03
6.283425260335206985e-03
6.273243576288223267e-03
6.176147609949111938e-03
6.190635263919830322e-03
6.247348152101039886e-03
6.223373580724000931e-03
6.221830844879150391e-03
6.607825402170419693e-03
6.481325253844261169e-03
6.241132039576768875e-03
6.380905397236347198e-03
6.209387909621000290e-03
6.296406500041484833e-03
6.283102557063102722e-03
6.364795379340648651e-03
6.425894331187009811e-03
6.144153419882059097e-03
6.218654569238424301e-03
6.115185096859931946e-03
6.165072321891784668e-03
6.149400956928730011e-03
6.462403107434511185e-03
6.292473059147596359e-03
6.224263925105333328e-03
6.185221020132303238e-03
6.434865761548280716e-03
6.462835706770420074e-03
6.339957006275653839e-03
6.235092412680387497e-03
6.057906895875930786e-03
6.146564614027738571e-03
6.245809141546487808e-03
6.201528012752532959e-03
6.219774018973112106e-03
6.130941212177276611e-03
6.303152535110712051e-03
6.156130693852901459e-03
6.518797948956489563e-03
6.195420399308204651e-03
6.151033565402030945e-03
6.559360306710004807e-03
6.260498892515897751e-03
6.192669272422790527e-03
6.217552814632654190e-03
6.169109605252742767e-03
6.084574386477470398e-03
6.199480034410953522e-03
6.783273071050643921e-03
6.264428142458200455e-03
6.097099278122186661e-03
6.085097789764404297e-03
6.118318997323513031e-03
6.107454653829336166e-03
6.174747832119464874e-03
6.269378121942281723e-03
6.133307237178087234e-03
6.366351153701543808e-03
6.182164419442415237e-03
6.036147009581327438e-03
6.060480605810880661e-03
6.025731563568115234e-03
6.156532559543848038e-03
6.506321020424365997e-03
6.154030095785856247e-03
6.112724542617797852e-03
6.247636396437883377e-03
6.438747048377990723e-03
6.229113787412643433e-03
6.295944564044475555e-03
6.177260540425777435e-03
6.127587053924798965e-03
6.164852995425462723e-03
6.054957862943410873e-03
6.231868173927068710e-03
6.123877130448818207e-03
6.062579806894063950e-03
6.334438454359769821e-03
6.250471342355012894e-03
6.138657685369253159e-03
6.074031349271535873e-03
6.030826829373836517e-03
6.243016105145215988e-03
6.256337743252515793e-03
6.174124777317047119e-03
6.115835160017013550e-03
6.124700885266065598e-03
6.137639749795198441e-03
6.194952875375747681e-03
6.150672212243080139e-03
6.177436560392379761e-03
6.114522926509380341e-03
6.007550284266471863e-03
6.094730924814939499e-03
6.126563530415296555e-03
6.295132916420698166e-03
6.141476798802614212e-03
6.144039798527956009e-03
6.119301076978445053e-03
6.046027876436710358e-03
6.265520583838224411e-03
6.064273416996002197e-03
6.171613465994596481e-03
6.160343531519174576e-03
6.042378023266792297e-03
5.979805719107389450e-03
6.010686978697776794e-03
6.113958545029163361e-03
6.211438681930303574e-03
6.086606997996568680e-03
6.612775847315788269e-03
6.158541422337293625e-03
5.992625374346971512e-03
5.949788261204957962e-03
5.968343000859022141e-03
6.151936016976833344e-03
5.956896580755710602e-03
6.215052679181098938e-03
6.149381864815950394e-03
6.060677114874124527e-03
6.022976711392402649e-03
6.038267165422439575e-03
6.029554177075624466e-03
6.228061392903327942e-03
6.040308158844709396e-03
6.047474220395088196e-03
5.934625864028930664e-03
6.006937474012374878e-03
6.060452200472354889e-03
5.984083749353885651e-03
6.071545183658599854e-03
6.028709467500448227e-03
6.290661636739969254e-03
6.239262409508228302e-03
5.940151866525411606e-03
5.898664705455303192e-03
5.848790053278207779e-03
5.845915526151657104e-03
5.823692306876182556e-03
5.817019846290349960e-03
5.893829744309186935e-03
5.876296665519475937e-03
5.861404351890087128e-03
5.854933988302946091e-03
5.842657759785652161e-03
5.867600440979003906e-03
5.867351312190294266e-03
5.815283861011266708e-03
5.883127450942993164e-03
5.883610341697931290e-03
5.861539859324693680e-03
5.855539347976446152e-03
5.889922846108675003e-03
5.935682915151119232e-03
5.926921032369136810e-03
5.911113694310188293e-03
5.901379045099020004e-03
5.830085370689630508e-03
6.006337236613035202e-03
5.942099727690219879e-03
5.926497746258974075e-03
6.000385154038667679e-03
6.126511376351118088e-03
5.975586827844381332e-03
5.843215156346559525e-03
5.939048714935779572e-03
5.885960068553686142e-03
5.863581784069538116e-03
5.844507832080125809e-03
5.897157825529575348e-03
5.983043927699327469e-03
6.047926377505064011e-03
5.876905284821987152e-03
5.817123688757419586e-03
5.889711901545524597e-03
5.871881265193223953e-03
5.960268434137105942e-03
5.974480882287025452e-03
5.844743456691503525e-03
5.925900302827358246e-03
5.904529243707656860e-03
5.930085666477680206e-03
5.972998682409524918e-03
5.858899559825658798e-03
5.780647974461317062e-03
6.046868395060300827e-03
5.987645126879215240e-03
5.856106057763099670e-03
5.953141953796148300e-03
5.881228018552064896e-03
5.933631211519241333e-03
6.026756018400192261e-03
5.928513593971729279e-03
5.970376078039407730e-03
5.882163532078266144e-03
5.927155259996652603e-03
5.883011501282453537e-03
5.906302947551012039e-03
5.919700954109430313e-03
5.883757956326007843e-03
5.867583677172660828e-03
5.922379437834024429e-03
5.884843412786722183e-03
5.856331437826156616e-03
5.954754538834095001e-03
6.001380272209644318e-03
5.858687218278646469e-03
5.885739810764789581e-03
5.838949233293533325e-03
5.939793772995471954e-03
5.973770748823881149e-03
5.879886914044618607e-03
5.898482166230678558e-03
5.845748353749513626e-03
5.849738605320453644e-03
5.880979821085929871e-03
5.813191644847393036e-03
5.880373530089855194e-03
6.021272856742143631e-03
5.916898138821125031e-03
5.916639231145381927e-03
5.825988482683897018e-03
5.791376344859600067e-03
5.741818808019161224e-03
5.944724660366773605e-03
6.082535255700349808e-03
6.144476123154163361e-03
5.937190726399421692e-03
5.789573770016431808e-03
5.845393985509872437e-03
5.902172531932592392e-03
5.830891430377960205e-03
5.768887698650360107e-03
5.765639245510101318e-03
5.786632187664508820e-03
5.776938982307910919e-03
5.914888344705104828e-03
5.813638214021921158e-03
5.827424582093954086e-03
5.875574424862861633e-03
5.848960485309362411e-03
5.951900966465473175e-03
5.802521947771310806e-03
5.751347634941339493e-03
5.710360128432512283e-03
6.015863269567489624e-03
5.892206449061632156e-03
5.806311033666133881e-03
5.872743669897317886e-03
5.775402765721082687e-03
5.832225084304809570e-03
5.816435907036066055e-03
5.890477914363145828e-03
5.892097018659114838e-03
5.837284028530120850e-03
5.756396334618330002e-03
5.746176932007074356e-03
5.743457935750484467e-03
5.765320733189582825e-03
5.815075710415840149e-03
5.870529450476169586e-03
5.857755430042743683e-03
5.814065225422382355e-03
5.868503358215093613e-03
5.969174206256866455e-03
5.759252235293388367e-03
5.727587733417749405e-03
5.766337271779775620e-03
5.738599225878715515e-03
5.887849722057580948e-03
5.838859360665082932e-03
5.746701732277870178e-03
5.953788757324218750e-03
5.953039973974227905e-03
5.924194585531949997e-03
5.838226061314344406e-03
5.863339174538850784e-03
5.803306587040424347e-03
5.798338912427425385e-03
5.795879289507865906e-03
5.737487692385911942e-03
5.740124266594648361e-03
5.773872137069702148e-03
5.746623966842889786e-03
5.771323572844266891e-03
6.135201547294855118e-03
5.841736216098070145e-03
5.844287574291229248e-03
5.923426710069179535e-03
6.001408211886882782e-03
5.809111054986715317e-03
5.739213898777961731e-03
5.691724363714456558e-03
5.773592740297317505e-03
5.744688212871551514e-03
5.699937697499990463e-03
5.741838831454515457e-03
5.854671820998191833e-03
5.681357812136411667e-03
5.754945334047079086e-03
5.766982212662696838e-03
5.789891816675662994e-03
5.871568340808153152e-03
5.925786215811967850e-03
6.008950062096118927e-03
5.843986291438341141e-03
5.779281258583068848e-03
5.738434381783008575e-03
5.749898962676525116e-03
5.821782629936933517e-03
5.832002032548189163e-03
5.764476954936981201e-03
5.697810091078281403e-03
5.763888824731111526e-03
5.730805452913045883e-03
5.698233842849731445e-03
5.750772543251514435e-03
5.742516834288835526e-03
5.817305296659469604e-03
5.677276756614446640e-03
5.718845408409833908e-03
5.676505621522665024e-03
5.929398350417613983e-03
5.851258989423513412e-03
5.688963457942008972e-03
5.741607397794723511e-03
5.816389806568622589e-03
5.805101245641708374e-03
5.736778024584054947e-03
5.679806694388389587e-03
5.739577580243349075e-03
5.742707289755344391e-03
5.667054094374179840e-03
5.775528959929943085e-03
5.748831667006015778e-03
5.630465224385261536e-03
5.765702109783887863e-03
5.886891391128301620e-03
5.860896781086921692e-03
5.749436561018228531e-03
5.764200352132320404e-03
5.858918186277151108e-03
5.773172248154878616e-03
5.737879313528537750e-03
5.766195245087146759e-03
5.725962575525045395e-03
5.714968312531709671e-03
5.702544935047626495e-03
5.651302170008420944e-03
5.647101439535617828e-03
5.705425981432199478e-03
5.750170908868312836e-03
5.782195366919040680e-03
5.656156688928604126e-03
5.677136126905679703e-03
5.872206296771764755e-03
5.732055287808179855e-03
5.693383514881134033e-03
5.819771438837051392e-03
5.723907146602869034e-03
5.684278905391693115e-03
5.670161452144384384e-03
5.724123679101467133e-03
5.800476297736167908e-03
5.873181857168674469e-03
5.677551031112670898e-03
5.601506680250167847e-03
5.822351668030023575e-03
5.684837698936462402e-03
5.723451264202594757e-03
5.667042918503284454e-03
5.639169365167617798e-03
5.672140046954154968e-03
5.609559826552867889e-03
5.867098458111286163e-03
5.865230225026607513e-03
5.648357328027486801e-03
5.657411646097898483e-03
5.653101485222578049e-03
5.700008943676948547e-03
5.640275776386260986e-03
5.611523054540157318e-03
5.722746718674898148e-03
5.564507097005844116e-03
5.549581255763769150e-03
5.568154621869325638e-03
5.526853259652853012e-03
5.555624607950448990e-03
5.536617245525121689e-03
5.566610954701900482e-03
5.590296350419521332e-03
5.603571422398090363e-03
5.563549231737852097e-03
5.572396796196699142e-03
5.637737922370433807e-03
5.624609068036079407e-03
5.564067047089338303e-03
5.609403830021619797e-03
5.595885682851076126e-03
5.666214972734451294e-03
5.598878487944602966e-03
5.625911056995391846e-03
5.674566607922315598e-03
5.591788329184055328e-03
5.556862801313400269e-03
5.674174055457115173e-03
5.588303785771131516e-03
5.569407716393470764e-03
5.586932413280010223e-03
5.572672933340072632e-03
5.542814731597900391e-03
5.669370293617248535e-03
5.762458313256502151e-03
5.599972326308488846e-03
5.628404207527637482e-03
5.655778571963310242e-03
5.601855926215648651e-03
5.692044738680124283e-03
5.876314826309680939e-03
5.673679523169994354e-03
5.556083284318447113e-03
5.530364811420440674e-03
5.550413858145475388e-03
5.608985200524330139e-03
5.903705488890409470e-03
5.680104251950979233e-03
5.571607500314712524e-03
5.559040699154138565e-03
5.591030698269605637e-03
5.586686078459024429e-03
5.576867144554853439e-03
5.586840212345123291e-03
5.602722521871328354e-03
5.542337428778409958e-03
5.582402925938367844e-03
5.552846007049083710e-03
5.574777256697416306e-03
5.689793732017278671e-03
5.888434592634439468e-03
5.699214991182088852e-03
5.669264588505029678e-03
5.640606861561536789e-03
5.609329324215650558e-03
5.604020785540342331e-03
5.587226245552301407e-03
5.811474751681089401e-03
5.623636301606893539e-03
5.540154874324798584e-03
5.547250155359506607e-03
5.518596153706312180e-03
5.522786173969507217e-03
5.626039113849401474e-03
5.562809761613607407e-03
5.568083841353654861e-03
5.573648028075695038e-03
5.566305946558713913e-03
5.572169087827205658e-03
5.554217845201492310e-03
5.648207385092973709e-03
5.522197112441062927e-03
5.522885359823703766e-03
5.573893431574106216e-03
5.625979043543338776e-03
5.662512034177780151e-03
5.643289070576429367e-03
5.600056145340204239e-03
5.554831121116876602e-03
5.610929802060127258e-03
5.596827249974012375e-03
5.650110542774200439e-03
5.623931530863046646e-03
5.566189996898174286e-03
5.576403345912694931e-03
5.693837534636259079e-03
5.569686181843280792e-03
5.500927101820707321e-03
5.526178982108831406e-03
5.596176255494356155e-03
5.610403604805469513e-03
5.686812568455934525e-03
5.576339084655046463e-03
5.560695659369230270e-03
5.561201833188533783e-03
5.615939851850271225e-03
5.615638568997383118e-03
5.573534872382879257e-03
5.572661291807889938e-03
5.651136394590139389e-03
5.598812364041805267e-03
5.546572152525186539e-03
5.540783051401376724e-03
5.499719642102718353e-03
5.528731271624565125e-03
5.504897329956293106e-03
5.541528575122356415e-03
5.623216275125741959e-03
5.587163846939802170e-03
5.534862633794546127e-03
5.615478381514549255e-03
5.599089898169040680e-03
5.550245754420757294e-03
5.623999517410993576e-03
5.559148732572793961e-03
5.595669616013765335e-03
5.555072799324989319e-03
5.520967300981283188e-03
5.515721626579761505e-03
5.722526460886001587e-03
5.659932736307382584e-03
5.524443928152322769e-03
5.537745077162981033e-03
5.537494085729122162e-03
5.456715356558561325e-03
5.468115210533142090e-03
5.516282282769680023e-03
5.474064033478498459e-03
5.529749672859907150e-03
5.505666136741638184e-03
5.511098541319370270e-03
5.559526383876800537e-03
5.509366746991872787e-03
5.540728103369474411e-03
5.678765010088682175e-03
5.487588234245777130e-03
5.611518397927284241e-03
5.664729047566652298e-03
5.573943722993135452e-03
5.612654145807027817e-03
5.539890378713607788e-03
5.476335994899272919e-03
5.464668385684490204e-03
5.480781197547912598e-03
5.496744532138109207e-03
5.509616807103157043e-03
5.479193758219480515e-03
5.481151398271322250e-03
5.524822510778903961e-03
5.619732197374105453e-03
5.615415982902050018e-03
5.516387522220611572e-03
5.528018344193696976e-03
5.511304829269647598e-03
5.565520841628313065e-03
5.534668453037738800e-03
5.468179937452077866e-03
5.440129898488521576e-03
5.570772103965282440e-03
5.543540697544813156e-03
5.594452377408742905e-03
5.617409013211727142e-03
5.534100346267223358e-03
5.447443574666976929e-03
5.471657961606979370e-03
5.487490911036729813e-03
5.428735166788101196e-03
5.445852875709533691e-03
5.488546565175056458e-03
5.537110846489667892e-03
5.482943728566169739e-03
5.484584253281354904e-03
5.546534899622201920e-03
5.531400442123413086e-03
5.517990794032812119e-03
5.493171047419309616e-03
5.454960744827985764e-03
5.496803671121597290e-03
5.422402638942003250e-03
5.522209685295820236e-03
5.572009366005659103e-03
5.594211164861917496e-03
5.532233510166406631e-03
5.554744042456150055e-03
5.544582847505807877e-03
5.481365602463483810e-03
5.552873481065034866e-03
5.546298809349536896e-03
5.493243224918842316e-03
5.574302282184362411e-03
5.584779195487499237e-03
5.456270184367895126e-03
5.481017753481864929e-03
5.560836289077997208e-03
5.471273325383663177e-03
5.453262943774461746e-03
5.527321714907884598e-03
5.530232563614845276e-03
5.442869849503040314e-03
5.433064885437488556e-03
5.492307711392641068e-03
5.458308383822441101e-03
5.421669222414493561e-03
5.497143138200044632e-03
5.566962994635105133e-03
5.601192358881235123e-03
5.523601081222295761e-03
5.561988335102796555e-03
5.424273665994405746e-03
5.459337029606103897e-03
5.570662673562765121e-03
5.531150847673416138e-03
5.435201805084943771e-03
5.562892183661460876e-03
5.545087624341249466e-03
5.415099207311868668e-03
5.403216462582349777e-03
5.563604645431041718e-03
5.459978710860013962e-03
5.406275391578674316e-03
5.403998773545026779e-03
5.372627638280391693e-03
5.451140459626913071e-03
5.449803546071052551e-03
5.645147524774074554e-03
5.408141762018203735e-03
5.461880005896091461e-03
5.435919854789972305e-03
5.482395645231008530e-03
5.472150631248950958e-03
5.529680289328098297e-03
5.442929919809103012e-03
5.451103206723928452e-03
5.531139671802520752e-03
5.442633293569087982e-03
5.505845416337251663e-03
5.444264970719814301e-03
5.474158562719821930e-03
5.478931125253438950e-03
5.439657717943191528e-03
5.399033427238464355e-03
5.389682948589324951e-03
5.402316804975271225e-03
5.402778275310993195e-03
5.433262325823307037e-03
5.438113119453191757e-03
5.403091199696063995e-03
5.385681521147489548e-03
5.375036969780921936e-03
5.353637039661407471e-03
5.336382426321506500e-03
5.334904417395591736e-03
5.383249837905168533e-03
5.372207146137952805e-03
5.355033557862043381e-03
5.340958945453166962e-03
5.373083055019378662e-03
5.428679287433624268e-03
5.464295856654644012e-03
5.409625824540853500e-03
5.395275074988603592e-03
5.399336107075214386e-03
5.403963848948478699e-03
5.365028046071529388e-03
5.327658727765083313e-03
5.341791082173585892e-03
5.475694779306650162e-03
5.393950734287500381e-03
5.367103498429059982e-03
5.368101876229047775e-03
5.365849938243627548e-03
5.411040037870407104e-03
5.383968818932771683e-03
5.389515310525894165e-03
5.368176847696304321e-03
5.376019049435853958e-03
5.377355031669139862e-03
5.374978296458721161e-03
5.477348808199167252e-03
5.452206823974847794e-03
5.370063707232475281e-03
5.375606939196586609e-03
5.454059690237045288e-03
5.354524124413728714e-03
5.487442947924137115e-03
5.412186495959758759e-03
5.375165492296218872e-03
5.431203637272119522e-03
5.400957074016332626e-03
5.519421771168708801e-03
5.461423657834529877e-03
5.388452671468257904e-03
5.398049950599670410e-03
5.332857836037874222e-03
5.341289564967155457e-03
5.404333584010601044e-03
5.377335008233785629e-03
5.441145971417427063e-03
5.422506947070360184e-03
5.352025851607322693e-03
5.374568514525890350e-03
5.370344035327434540e-03
5.416999571025371552e-03
5.428191274404525757e-03
5.393746308982372284e-03
5.364040844142436981e-03
5.338089074939489365e-03
5.346978083252906799e-03
5.343245808035135269e-03
5.351643543690443039e-03
5.353393498808145523e-03
5.303008016198873520e-03
5.313966888934373856e-03
5.374203901737928391e-03
5.367491859942674637e-03
5.546505562961101532e-03
5.516169127076864243e-03
5.512774921953678131e-03
5.355392117053270340e-03
5.382283590734004974e-03
5.367396865040063858e-03
5.390938837081193924e-03
5.372184328734874725e-03
5.281858146190643311e-03
5.292200017720460892e-03
5.320554599165916443e-03
5.454631987959146500e-03
5.416482686996459961e-03
5.365363787859678268e-03
5.359092261642217636e-03
5.329647101461887360e-03
5.297753959894180298e-03
5.451100878417491913e-03
5.417160224169492722e-03
5.304915830492973328e-03
5.366757512092590332e-03
5.383045412600040436e-03
5.457687657326459885e-03
5.449763033539056778e-03
5.424626637250185013e-03
5.353691987693309784e-03
5.337905604392290115e-03
5.382284987717866898e-03
5.347819998860359192e-03
5.315226968377828598e-03
5.286553408950567245e-03
5.291447043418884277e-03
5.272522103041410446e-03
5.468699615448713303e-03
5.393595434725284576e-03
5.396010819822549820e-03
5.356253590434789658e-03
5.384982097893953323e-03
5.336070898920297623e-03
5.287830252200365067e-03
5.284798331558704376e-03
5.344263743609189987e-03
5.320475436747074127e-03
5.309679545462131500e-03
5.382637493312358856e-03
5.364998243749141693e-03
5.316547118127346039e-03
5.405176430940628052e-03
5.389842204749584198e-03
5.315622314810752869e-03
5.340430885553359985e-03
5.323342047631740570e-03
5.291664041578769684e-03
5.377672612667083740e-03
5.297553259879350662e-03
5.337499082088470459e-03
5.374863743782043457e-03
5.428565200418233871e-03
5.378355272114276886e-03
5.431413184851408005e-03
5.386909469962120056e-03
5.333966575562953949e-03
5.299006588757038116e-03
5.313858855515718460e-03
5.269161425530910492e-03
5.316288210451602936e-03
5.291906185448169708e-03
5.358254071325063705e-03
5.318939220160245895e-03
5.398948211222887039e-03
5.363926757127046585e-03
5.334400571882724762e-03
5.382708739489316940e-03
5.450371187180280685e-03
5.373272579163312912e-03
5.380432121455669403e-03
5.328472703695297241e-03
5.261248908936977386e-03
5.344279576092958450e-03
5.351945757865905762e-03
5.302307195961475372e-03
5.257023498415946960e-03
5.294168367981910706e-03
5.286213010549545288e-03
5.358790978789329529e-03
5.484838038682937622e-03
5.361521150916814804e-03
5.295203533023595810e-03
5.350944586098194122e-03
5.299168638885021210e-03
5.293366499245166779e-03
5.336214322596788406e-03
5.415167193859815598e-03
5.384355783462524414e-03
5.334535147994756699e-03
5.328417290002107620e-03
5.337258335202932358e-03
5.285938736051321030e-03
5.298090167343616486e-03
5.252678412944078445e-03
5.260609555989503860e-03
5.281560122966766357e-03
5.330206360667943954e-03
5.305931437760591507e-03
5.314498674124479294e-03
5.259531084448099136e-03
5.308148451149463654e-03
5.288066808134317398e-03
5.363761913031339645e-03
5.375756416469812393e-03
5.297021940350532532e-03
5.295890383422374725e-03
5.290049128234386444e-03
5.350799299776554108e-03
5.271765403449535370e-03
5.401011090725660324e-03
5.329948384314775467e-03
5.305249709635972977e-03
5.367280915379524231e-03
5.279551260173320770e-03
5.251187365502119064e-03
5.256989505141973495e-03
5.226203240454196930e-03
5.321705713868141174e-03
5.386037286370992661e-03
5.253640469163656235e-03
5.269632674753665924e-03
5.366474390029907227e-03
5.316368304193019867e-03
5.284371785819530487e-03
5.263351835310459137e-03
5.330590065568685532e-03
5.334834102541208267e-03
5.349954590201377869e-03
5.384638439863920212e-03
5.301190074533224106e-03
5.316383205354213715e-03
5.300473421812057495e-03
5.296030547469854355e-03
5.241490434855222702e-03
5.290838424116373062e-03
5.326634738594293594e-03
5.345952231436967850e-03
5.287553183734416962e-03
5.326455924659967422e-03
5.276442971080541611e-03
5.280429963022470474e-03
5.319537594914436340e-03
5.294444970786571503e-03
5.255911964923143387e-03
5.261059384793043137e-03
5.289540160447359085e-03
5.352221429347991943e-03
5.240547005087137222e-03
5.254289600998163223e-03
5.245512817054986954e-03
5.335405934602022171e-03
5.336139816790819168e-03
5.318633280694484711e-03
5.372073501348495483e-03
5.345611833035945892e-03
5.261950660496950150e-03
5.269494839012622833e-03
5.308085586875677109e-03
5.347208585590124130e-03
5.248880479484796524e-03
5.265323910862207413e-03
5.277975928038358688e-03
5.346809048205614090e-03
5.342750810086727142e-03
5.354401655495166779e-03
5.317481700330972672e-03
5.236492492258548737e-03
5.273989867419004440e-03
5.201718769967556000e-03
5.271545611321926117e-03
5.277854856103658676e-03
5.290720146149396896e-03
5.264715291559696198e-03
5.248628091067075729e-03
5.186966620385646820e-03
5.184137262403964996e-03
5.199777893722057343e-03
5.204646848142147064e-03
5.185877904295921326e-03
5.168577190488576889e-03
5.170884542167186737e-03
5.176255945116281509e-03
5.192934069782495499e-03
5.206320900470018387e-03
5.248469300568103790e-03
5.215534940361976624e-03
5.230412818491458893e-03
5.224107299000024796e-03
5.206267815083265305e-03
5.199113860726356506e-03
5.211938172578811646e-03
5.214458797127008438e-03
5.218878854066133499e-03
5.189035087823867798e-03
5.198387429118156433e-03
5.180837120860815048e-03
5.200183019042015076e-03
5.185609683394432068e-03
5.235345568507909775e-03
5.240531638264656067e-03
5.218177568167448044e-03
5.239863879978656769e-03
5.161737091839313507e-03
5.165518261492252350e-03
5.283281672745943069e-03
5.238320212811231613e-03
5.156545899808406830e-03
5.307164508849382401e-03
5.372744519263505936e-03
5.232144612818956375e-03
5.200975574553012848e-03
5.224575754255056381e-03
5.199093371629714966e-03
5.168857984244823456e-03
5.194516852498054504e-03
5.188290961086750031e-03
5.240233149379491806e-03
5.185377318412065506e-03
5.223980639129877090e-03
5.219051614403724670e-03
5.239282269030809402e-03
5.235346499830484390e-03
5.262330640107393265e-03
5.245526321232318878e-03
5.175116471946239471e-03
5.170679651200771332e-03
5.203627515584230423e-03
5.158020649105310440e-03
5.196345970034599304e-03
5.257535725831985474e-03
5.215533543378114700e-03
5.175873171538114548e-03
5.229100584983825684e-03
5.192338954657316208e-03
5.241791252046823502e-03
5.201562773436307907e-03
5.193712655454874039e-03
5.164672620594501495e-03
5.174288060516119003e-03
5.180098582059144974e-03
5.188731476664543152e-03
5.188365932554006577e-03
5.176085513085126877e-03
5.205481313169002533e-03
5.304467864334583282e-03
5.293773021548986435e-03
5.173948127776384354e-03
5.206131376326084137e-03
5.216186866164207458e-03
5.280953831970691681e-03
5.231737624853849411e-03
5.273871589452028275e-03
5.172570236027240753e-03
5.187696311622858047e-03
5.215347278863191605e-03
5.175521131604909897e-03
5.215759389102458954e-03
5.248901434242725372e-03
5.197621881961822510e-03
5.187357310205698013e-03
5.233488045632839203e-03
5.238641984760761261e-03
5.236991215497255325e-03
5.223845131695270538e-03
5.204556044191122055e-03
5.216983146965503693e-03
5.219961050897836685e-03
5.192061886191368103e-03
5.150142125785350800e-03
5.201302468776702881e-03
5.192338954657316208e-03
5.218678154051303864e-03
5.190869793295860291e-03
5.143672227859497070e-03
5.174057558178901672e-03
5.184221081435680389e-03
5.226697307080030441e-03
5.174195393919944763e-03
5.183181259781122208e-03
5.165678448975086212e-03
5.171201191842556000e-03
5.154418293386697769e-03
5.187034141272306442e-03
5.198298953473567963e-03
5.167510360479354858e-03
5.345940589904785156e-03
5.200594663619995117e-03
5.248875357210636139e-03
5.242915824055671692e-03
5.149532109498977661e-03
5.145664792507886887e-03
5.181575194001197815e-03
5.163582507520914078e-03
5.212118383496999741e-03
5.180420354008674622e-03
5.119720939546823502e-03
5.213049240410327911e-03
5.161884706467390060e-03
5.130295641720294952e-03
5.192326847463846207e-03
5.147732794284820557e-03
5.159376189112663269e-03
5.148982163518667221e-03
5.174953024834394455e-03
5.187937058508396149e-03
5.170445423573255539e-03
5.154943093657493591e-03
5.151006858795881271e-03
5.290134344249963760e-03
5.266332998871803284e-03
5.258294288069009781e-03
5.183024797588586807e-03
5.133184604346752167e-03
5.287556443363428116e-03
5.222300067543983459e-03
5.207962822169065475e-03
5.105610936880111694e-03
5.131379701197147369e-03
5.157460924237966537e-03
5.171336233615875244e-03
5.157819949090480804e-03
5.172915756702423096e-03
5.244096741080284119e-03
5.224616266787052155e-03
5.157994572073221207e-03
5.203506443649530411e-03
5.199349019676446915e-03
5.187802482396364212e-03
5.183524452149868011e-03
5.175248719751834869e-03
5.196409765630960464e-03
5.131506826728582382e-03
5.137052386999130249e-03
5.183569155633449554e-03
5.172234494239091873e-03
5.172657314687967300e-03
5.149471107870340347e-03
5.171575117856264114e-03
5.132522899657487869e-03
5.130262114107608795e-03
5.235058255493640900e-03
5.456199403852224350e-03
5.182667169719934464e-03
5.109073128551244736e-03
5.128754768520593643e-03
5.211189389228820801e-03
5.181126296520233154e-03
5.120337475091218948e-03
5.130077246576547623e-03
5.101507995277643204e-03
5.115209147334098816e-03
5.145782139152288437e-03
5.140514113008975983e-03
5.164059810340404510e-03
5.141998175531625748e-03
5.113044288009405136e-03
5.144434515386819839e-03
5.081574898213148117e-03
5.106602795422077179e-03
5.093724466860294342e-03
5.138535052537918091e-03
5.203794687986373901e-03
5.148076452314853668e-03
5.212037358433008194e-03
5.138438660651445389e-03
5.143245682120323181e-03
5.196915939450263977e-03
5.155074875801801682e-03
5.175862926989793777e-03
5.127954762428998947e-03
5.112811923027038574e-03
5.080797709524631500e-03
5.198368337005376816e-03
5.185945890843868256e-03
5.146394483745098114e-03
5.156368017196655273e-03
5.158012732863426208e-03
5.124052986502647400e-03
5.133214406669139862e-03
5.108693614602088928e-03
5.137718748301267624e-03
5.128249991685152054e-03
5.156520754098892212e-03
5.151729099452495575e-03
5.114358384162187576e-03
5.239230580627918243e-03
5.426714662462472916e-03
5.246709100902080536e-03
5.226208828389644623e-03
5.143392365425825119e-03
5.103336647152900696e-03
5.093519575893878937e-03
5.088207311928272247e-03
5.136900581419467926e-03
5.122676491737365723e-03
5.214054137468338013e-03
5.094546359032392502e-03
5.138719454407691956e-03
5.171175580471754074e-03
5.174804944545030594e-03
5.161082372069358826e-03
5.180303007364273071e-03
5.148888099938631058e-03
5.215918645262718201e-03
5.290339235216379166e-03
5.174632184207439423e-03
5.186272319406270981e-03
5.157691426575183868e-03
5.140576977282762527e-03
5.148626863956451416e-03
5.124675575643777847e-03
5.138359963893890381e-03
5.113875027745962143e-03
5.078206304460763931e-03
5.072288680821657181e-03
5.117314867675304413e-03
5.078951828181743622e-03
5.110705271363258362e-03
5.105174146592617035e-03
5.087118130177259445e-03
5.083157680928707123e-03
5.088434554636478424e-03
5.109956953674554825e-03
5.102436058223247528e-03
5.099821370095014572e-03
5.076208617538213730e-03
5.049810744822025299e-03
5.072315223515033722e-03
5.110472906380891800e-03
5.101331975311040878e-03
5.064819008111953735e-03
5.059474147856235504e-03
5.065469071269035339e-03
5.055976100265979767e-03
5.073748528957366943e-03
5.072345025837421417e-03
5.062837153673171997e-03
5.085569806396961212e-03
5.101076327264308929e-03
5.054451990872621536e-03
5.041767843067646027e-03
5.075855180621147156e-03
5.102309398353099823e-03
5.068080965429544449e-03
5.067213904112577438e-03
5.038380157202482224e-03
5.003800615668296814e-03
5.014674272388219833e-03
5.062353797256946564e-03
5.080144386738538742e-03
5.061467178165912628e-03
5.045399069786071777e-03
5.048459861427545547e-03
5.051963962614536285e-03
5.086892750114202499e-03
5.096593406051397324e-03
5.104313604533672333e-03
5.077254492789506912e-03
5.117892287671566010e-03
5.089688114821910858e-03
5.056439433246850967e-03
5.112257786095142365e-03
5.056338384747505188e-03
5.072744097560644150e-03
5.167305469512939453e-03
5.122796632349491119e-03
5.092946812510490417e-03
5.117136053740978241e-03
5.135740619152784348e-03
5.111940670758485794e-03
5.076494067907333374e-03
5.079969298094511032e-03
5.078804213553667068e-03
5.042878445237874985e-03
5.033599678426980972e-03
5.068805534392595291e-03
5.084543023258447647e-03
5.093415733426809311e-03
5.097195506095886230e-03
5.022775381803512573e-03
5.047705490142107010e-03
5.047249142080545425e-03
5.080173723399639130e-03
5.073739681392908096e-03
5.084814969450235367e-03
5.088956560939550400e-03
5.100035574287176132e-03
5.061349365860223770e-03
5.061182659119367599e-03
5.079778376966714859e-03
5.096452310681343079e-03
5.074779037386178970e-03
5.130204837769269943e-03
5.089031532406806946e-03
5.088799167424440384e-03
5.113844759762287140e-03
5.158615298569202423e-03
5.077074747532606125e-03
5.017565563321113586e-03
5.032100249081850052e-03
5.063637159764766693e-03
5.057062953710556030e-03
5.072554573416709900e-03
5.085279699414968491e-03
5.070234183222055435e-03
5.056885071098804474e-03
5.015025380998849869e-03
5.095611326396465302e-03
5.158852320164442062e-03
5.104783922433853149e-03
5.065149161964654922e-03
5.087754223495721817e-03
5.074321758002042770e-03
5.087754223495721817e-03
5.066793411970138550e-03
5.050753708928823471e-03
5.124587565660476685e-03
5.031811539083719254e-03
5.020550452172756195e-03
5.026946309953927994e-03
5.020744632929563522e-03
5.003470461815595627e-03
5.042385775595903397e-03
4.999636206775903702e-03
